14120024 81
14120035 86
14120045 82
14120056 87
14120354 84
14120396 91
14120542 84
14120632 85
14120752 67
14120765 77
14120844 89
14120952 84
14120955 86
14121025 85
14121099 82
14121125 91
14121161 87
14121250 56
14121255 69
14121278 86
14121363 94
14121452 98
14121420 83
14121453 84
14121530 91
14121539 82
14121688 76
14121698 79
14121755 84
14121812 75
14121832 91
14121865 85
14121953 48
14122002 82
14122056 62
14122096 95
14122085 85
14122099 99
14122125 87
14122152 99
14122186 79
14122195 83
14122230 60
14122360 89
14122453 90
14122651 88
14122753 94
14122810 94
14123026 95
14123214 85
14123652 86
14123741 84
14123888 97
14123951 79
14124012 86
14124013 84
14124015 61
14124352 59
14124356 48
14124412 89
14124520 87
14124560 99
14124623 86
14124755 56
14124786 94
14124789 89
14124960 97
14124962 93
