14120024 86
14120035 84
14120045 61
14120056 59
14120354 48
14120396 89
14120542 87
14120632 99
14120752 86
14120765 56
14120844 94
14120952 89
14120955 97
14120988 93
14121025 92
14121099 91
14121125 81
14121135 86
14121161 82
14121250 87
14121255 84
14121278 91
14121363 84
14121452 85
14121420 67
14121453 77
14121530 89
14121539 84
14121688 86
14121698 85
14121755 82
14121812 91
14121832 87
14121865 56
14121953 69
14122002 86
14122056 94
14122096 98
14122085 83
14122099 84
14122125 91
14122152 82
14122186 76
14122195 79
14122230 84
14122360 75
14122453 91
14122651 85
14122753 48
14122810 82
14123026 62
14123214 95
14123652 85
14123741 99
14123888 87
14123951 99
14124012 79
14124013 83
14124015 60
14124352 89
14124356 90
14124412 88
14124520 94
14124560 94
14124623 95
14124755 85
14124786 86
14124789 84
14124960 97
14124962 79
