14120035 0
14120045 0
14120056 0
14120354 0
14120396 0
14120542 0
14120632 0
14120752 0
14120765 0
14120844 0
14120952 0
14120955 0
14120988 0
14121025 0
14121099 0
14121125 0
14121135 0
14121161 0
14121250 0
14121255 0
14121278 0
14121363 0
14121452 0
14121420 0
14121453 0
14121530 0
14121539 0
14121688 0
14121698 0
14121755 0
14121812 0
14121832 0
14121865 0
14122002 0
14122056 0
14122096 0
14122085 0
14122099 0
14122125 0
14122152 0
14122186 0
14122195 0
14122230 0
14122360 0
14122453 0
14122651 0
14122753 0
14122810 0
14123026 0
14123214 0
14123652 0
14123741 0
14123888 0
14123951 0
14124012 0
14124013 0
14124015 0
14124352 0
14124356 0
14124412 0
14124520 0
14124560 0
14124623 0
14124755 0
14124786 0
14124789 0
14124960 0
14124962 0